0.006616052705794573 39.0095329284668 40.85039448738098
0.007012791465967894 38.57264709472656 37.55613613128662
0.007210215087980032 38.36939239501953 37.88270306587219
0.007437167223542929 37.87221908569336 38.1342990398407
0.00772565184161067 37.51994323730469 38.24163031578064
0.00805994588881731 37.04876708984375 38.422680377960205
0.008342641405761242 36.67084884643555 38.57970929145813
0.008732251822948456 36.34983825683594 38.43182563781738
0.0089945700019598 36.09784698486328 38.30145001411438
0.008871407248079777 36.16529846191406 38.095481395721436
0.009236400946974754 35.8160514831543 39.76234769821167
0.009328041225671768 35.8514404296875 40.32418966293335
0.009566604159772396 35.69744873046875 39.1160089969635
0.009748977608978748 35.65503692626953 38.81338405609131
0.009838070720434189 35.54003143310547 38.26445198059082
0.010328017175197601 35.07537078857422 38.01678013801575
0.010426033288240433 34.838348388671875 38.19926118850708
0.010916661471128464 34.357887268066406 38.3355348110199
0.01110612228512764 34.07403564453125 38.4824481010437
0.011360561475157738 33.92460632324219 38.275949239730835
0.011422669515013695 33.85669708251953 38.42275428771973
0.011261028237640858 34.15117645263672 38.45079684257507
0.011746997013688087 33.63487243652344 38.20639085769653
0.011820591054856777 33.52758026123047 38.3042209148407
0.012248905375599861 33.121524810791016 38.307084798812866
0.011806200258433819 33.49576950073242 38.32998776435852
0.011689099483191967 33.48800277709961 38.10681748390198
0.012372606433928013 32.81622314453125 38.23511528968811
0.012073065154254436 33.201690673828125 38.41201949119568
0.012000040151178837 33.078758239746094 38.52104592323303
0.011985569261014462 33.212890625 38.67837166786194
0.011692365631461143 33.39349365234375 38.30347466468811
0.011965186335146427 33.00034713745117 38.219911098480225
0.012667667120695114 32.7230110168457 38.32847237586975
0.012629574164748192 32.81597900390625 38.436108112335205
0.013202509842813015 32.372249603271484 38.25576972961426
0.013414950110018253 32.341148376464844 38.36856269836426
0.014261242002248764 31.55843162536621 38.4933135509491
0.014484012499451637 31.390316009521484 38.2528178691864
0.014628009870648384 31.247116088867188 38.13460445404053
0.014569382183253765 31.22917938232422 38.234182357788086
0.014267546124756336 31.407817840576172 37.89867305755615
0.01411556638777256 31.492904663085938 38.289634704589844
0.013210372067987919 32.024253845214844 38.28586983680725
0.012334795668721199 32.83638000488281 38.01676392555237
0.012218126095831394 32.822322845458984 37.95185399055481
0.012296131812036037 32.56713104248047 38.033016204833984
0.01263870857656002 32.00870132446289 38.19509530067444
0.013164049945771694 31.390907287597656 38.195605993270874
0.013196059502661228 31.645633697509766 38.085185050964355
0.013014656491577625 31.292753219604492 38.16529154777527
0.01296012382954359 31.718364715576172 38.07962369918823
0.013052436523139477 31.4794979095459 38.23410153388977
0.013119581155478954 31.297122955322266 38.21185255050659
0.013586928136646748 30.916290283203125 38.10882830619812
0.013814358972012997 30.73250389099121 38.10439348220825
0.013903805054724216 30.808155059814453 38.153480052948
0.014315833337605 30.426830291748047 38.40527939796448
0.014434990473091602 30.44709014892578 38.189687967300415
0.014239822514355183 30.481847763061523 38.18550086021423
0.01531171053647995 29.803485870361328 38.0993378162384
0.017238015308976173 28.510356903076172 38.70321249961853
0.01873176172375679 27.771774291992188 38.19035339355469
0.019507158547639847 27.558225631713867 38.458964347839355
0.020834000781178474 27.03896141052246 38.38218951225281
0.021192902699112892 26.783811569213867 37.974178075790405
0.02130526304244995 26.713951110839844 38.167685985565186
0.0209245216101408 26.86995506286621 38.019423723220825
0.022213246673345566 26.301298141479492 38.0107946395874
0.02356663905084133 25.937965393066406 38.12820649147034
0.023974750190973282 25.68079948425293 38.13584351539612
0.024722032248973846 25.548309326171875 38.015007734298706
0.026088593527674675 25.299556732177734 38.50434327125549
0.026894832029938698 25.085071563720703 38.11396360397339
0.027066191658377647 25.00946807861328 38.21960234642029
0.027197835966944695 25.03577423095703 38.3828182220459
0.027422821149230003 24.991558074951172 38.12454795837402
0.02819504775106907 24.882774353027344 37.76519584655762
0.02902926877140999 24.70874786376953 37.90150308609009
0.029902873560786247 24.55585289001465 38.32313895225525
0.03084254078567028 24.40955924987793 38.42833375930786
0.03183326497673988 24.180339813232422 38.089826345443726
0.03267655894160271 23.935733795166016 38.266995906829834
0.03457342088222504 23.694473266601562 38.31900906562805
0.03325963765382767 23.846969604492188 38.354254961013794
0.033447057008743286 23.810009002685547 38.22448253631592
0.03379644453525543 23.747831344604492 38.09046792984009
0.03314407169818878 23.88351821899414 38.197078704833984
0.03373193368315697 23.748249053955078 38.26710104942322
0.033419571816921234 23.778392791748047 38.122726917266846
0.03143315389752388 24.25739097595215 38.329312324523926
0.029560046270489693 24.787878036499023 38.163156509399414
0.027889780700206757 25.29072380065918 38.309025049209595
0.027223816141486168 25.48969078063965 38.44378161430359
0.02697041630744934 25.527542114257812 38.46734404563904
0.02571146748960018 25.797605514526367 38.12981557846069
0.025413859635591507 25.78402328491211 38.32907581329346
0.024770716205239296 26.015012741088867 38.494898557662964
0.02428242191672325 26.00112533569336 38.452202796936035
0.02386622130870819 25.988624572753906 38.37462830543518
0.02336825244128704 26.047582626342773 38.57838296890259
0.02313167415559292 26.060230255126953 38.75120186805725
0.02270766906440258 26.2281551361084 38.75853180885315
0.023100895807147026 25.879493713378906 38.399662017822266
0.022480834275484085 25.978025436401367 38.605957984924316
0.022128893062472343 26.113271713256836 38.85277581214905
0.022731982171535492 25.927215576171875 38.492518186569214
0.022386619821190834 25.822158813476562 38.711392641067505
0.022487452253699303 25.747478485107422 38.681742668151855
0.02273922599852085 25.647903442382812 38.80188059806824
0.022601034492254257 25.686859130859375 38.74497389793396
0.02222711592912674 25.72687530517578 39.5522665977478
0.021342789754271507 25.902450561523438 39.353150367736816
0.02215634472668171 25.627981185913086 38.947819232940674
0.021655188873410225 25.86712646484375 38.97647738456726
0.021735183894634247 25.73183822631836 38.398584842681885
0.02041793242096901 26.35483169555664 38.77613544464111
0.01935243047773838 27.30990219116211 38.90255832672119
0.019834231585264206 26.841642379760742 38.957977056503296
0.019064312800765038 27.360469818115234 38.74277687072754
0.018877912312746048 27.7439022064209 38.88791060447693
0.01817166432738304 28.358165740966797 38.6124951839447
0.017697669565677643 28.783313751220703 38.72589659690857
0.018299218267202377 28.65658187866211 38.639952659606934
0.019229667261242867 28.25886344909668 38.86274480819702
0.018499676138162613 28.44875144958496 38.745078325271606
0.018949590623378754 28.338871002197266 38.58809947967529
0.019621068611741066 27.970867156982422 38.90686821937561
0.019939763471484184 27.86452865600586 38.85044503211975
0.019805334508419037 27.721755981445312 38.727309465408325
0.01995609700679779 27.756057739257812 38.73599982261658
0.020478874444961548 27.278690338134766 38.535680294036865
0.020177582278847694 27.550207138061523 38.4965500831604
0.020598866045475006 27.484174728393555 38.60678696632385
0.020858507603406906 27.431564331054688 38.555431842803955
0.021001936867833138 27.392715454101562 38.75182366371155
0.020869020372629166 27.461990356445312 38.392966508865356
0.020934542641043663 27.48072624206543 38.77094864845276
0.020445873960852623 27.667129516601562 38.660863399505615
0.02089211530983448 27.49616241455078 38.690444231033325
0.020844677463173866 27.547130584716797 38.6325101852417
0.0203256718814373 27.624675750732422 38.74562740325928
0.01996000111103058 27.769412994384766 38.85689616203308
0.019688565284013748 27.82992172241211 38.742363691329956
0.020233560353517532 27.4985408782959 38.68515729904175
0.02100401744246483 26.480300903320312 38.71423864364624
0.020580187439918518 26.808834075927734 38.85318040847778
0.02115214429795742 26.170433044433594 38.76511025428772
0.020842166617512703 26.5244197845459 38.601924896240234
0.02070300653576851 26.983861923217773 38.61824655532837
0.020965030416846275 27.170011520385742 38.73853898048401
0.0199325829744339 27.62520408630371 38.571587324142456
0.020508313551545143 27.399131774902344 38.27967166900635
0.021592292934656143 26.919063568115234 38.348562717437744
0.02134341187775135 27.1650390625 38.69061040878296
0.021477902308106422 27.041593551635742 39.46016764640808
0.021249229088425636 27.244205474853516 38.13588356971741
0.020910875871777534 27.490509033203125 38.48092579841614
0.02110322378575802 27.319143295288086 38.357983350753784
0.02202204242348671 26.932355880737305 38.462117433547974
0.021704765036702156 27.126976013183594 38.494489431381226
0.021731441840529442 27.076488494873047 38.49722909927368
0.02098422311246395 27.189199447631836 38.41340208053589
0.020483458414673805 27.28199005126953 38.43131709098816
0.020581018179655075 27.167430877685547 38.36447763442993
0.0202375166118145 27.33237075805664 38.35212182998657
0.01948440447449684 27.563718795776367 38.460989236831665
0.01858965866267681 28.043235778808594 38.4048228263855
