0.005789813869025396 40.2982526032821 38.80044102668762
0.005765781029249015 40.315259352974266 38.38886284828186
0.00581410533303152 40.31166060074516 39.56897592544556
0.005761585603265658 40.51541950391687 40.10886764526367
0.005708212053160304 40.78727755339249 39.37504768371582
0.005647569105191075 40.753246473229446 39.23794460296631
0.005779167475259822 40.64794573576554 39.046671867370605
0.005818523831017639 40.56694578087848 39.333964586257935
0.00580648569714116 40.52050963692043 39.16026425361633
0.0057758156858060666 40.4940185546875 39.20926785469055
0.005733023559593636 40.311411816140875 39.24962043762207
0.005785477246441271 40.381904933763586 39.24266791343689
0.005581649243021789 40.732179724651836 38.66417407989502
0.005569071124267319 40.73848525337551 38.41504383087158
0.0055865846857752486 40.69253506867782 38.596035957336426
0.005489003034713475 40.916443700375766 38.29188084602356
0.005450455127688853 41.110034279201344 38.49749779701233
0.00550450406887609 40.85053717571756 38.614400148391724
0.005466969359828078 40.89684693709663 38.719329595565796
0.005390264883475459 41.060388979704484 38.26537561416626
0.005450924109343601 40.844200134277344 38.32753801345825
0.00556399995137168 40.694614244543985 38.171334981918335
0.0055220602687610235 40.66398504505987 38.2562415599823
0.005433452538336101 40.82385950503142 38.64317274093628
0.00553919385065851 40.5423353443975 38.93932247161865
0.005495624049850132 40.640125772227414 38.98075270652771
0.005343112709891537 40.92118188609248 38.505232095718384
0.005459781574166339 40.576451177182406 38.02197790145874
0.00535118144572429 40.826552017875336 38.723777770996094
0.005485676249246234 40.61961920365043 38.40588593482971
0.005333640997338554 40.788435894510016 38.566689252853394
0.005360227098445529 40.921635835067086 38.01614999771118
0.00535004191181582 40.781277034593664 37.08189010620117
0.005208799757225358 41.21732131294582 37.07622671127319
0.005167911537801442 41.33067354948624 37.48941898345947
0.005181411848120068 41.213959901229195 36.97145104408264
0.0051659913936062994 41.27660170845363 37.22552728652954
0.005079657365770444 41.46320409360139 36.90418004989624
0.005091271342952614 41.372358073358946 36.99136996269226
0.005002578862173402 41.53855547697648 36.37306618690491
0.004991964052390793 41.552452584971554 36.750877380371094
0.0050705838341103945 41.32216544773267 37.0277373790741
0.00528288446366787 40.25715968919837 36.737340211868286
0.005195405172265094 40.69120241248089 36.51259112358093
0.00521992406119471 40.50764166790506 36.36671781539917
0.0050440144158251906 41.3787899846616 36.92340326309204
0.005006074682687936 41.52243440047554 36.840272426605225
0.004965450898136782 41.614899179209836 37.089234352111816
0.004962885327151288 41.540374921715774 36.721659898757935
0.005004708007301973 41.49421990436056 37.35014510154724
0.004961934446802606 41.53679756496263 37.548394203186035
0.0049526793274866495 41.49317368217137 37.38832926750183
0.004929548068700925 41.54442297894022 37.454832315444946
0.004943625839508098 41.492555867070735 37.957714796066284
0.005079319417152716 40.84070703257685 38.38561773300171
0.004985471944446149 41.37779219254203 38.36124086380005
0.005100077220603175 40.88989324155061 37.1261100769043
0.004962108826831631 41.26325889255689 37.44508481025696
0.004964811241497164 41.30194506437882 39.180603981018066
0.004989065594323303 41.16598261957583 38.68440794944763
0.005059965238299059 40.963564001995586 39.15405821800232
0.0048296627507585545 41.85150959180749 38.3093740940094
0.004734972937275534 42.108061749002204 38.033042669296265
0.004786210701517437 41.94906102056088 37.3756217956543
0.004722899352402791 42.23451531451681 37.82039713859558
0.004815259948372841 42.01405516914699 37.76004242897034
0.004876941401997338 41.715847844662875 37.80002951622009
0.0051705685606145335 40.53853673520295 38.52427005767822
0.00490204293442809 41.678114517875336 38.69563627243042
0.004803120077628157 42.07378503550654 38.52122640609741
0.004901633031018402 41.56697513746179 39.3404815196991
0.004974457334079172 41.22603474492612 40.11317682266235
0.004989434681508852 41.250486788542375 39.158525705337524
0.00485785378386145 41.71961792655613 39.32541012763977
0.004855773269968188 41.83830957827361 38.49760389328003
0.005396917300379794 39.71280636994735 38.24579954147339
0.004967754241079092 41.3420237665591 38.53664588928223
0.0050303362228948136 41.14887419990871 39.13320827484131
0.005142757628598939 40.79368923021399 39.24459624290466
0.005414566632522189 39.92280644955842 40.0356605052948
0.006553758381177549 36.836343682330586 39.643166303634644
0.0058011535514632 39.11303528495457 40.34607243537903
0.006863052592329357 36.50089048302692 40.55843234062195
0.006822721283558918 36.562224180802055 40.3847770690918
0.006934099223302758 36.41583368052607 39.81858038902283
0.0060258549435631085 38.6291966645614 41.03412938117981
0.006601889698725679 37.216769342837125 40.76423263549805
0.005739221855512132 39.35207532799762 40.92240238189697
0.006662722454284844 36.93479670648989 39.77668571472168
0.006533642238734857 37.283085366953976 39.95829749107361
0.005749851384240648 39.36907975570015 41.30672311782837
0.006752019019230552 36.46074477485988 40.477538108825684
0.005749618027197278 39.45735599683679 41.75632286071777
0.005591191493136727 39.80319479237432 41.45480251312256
0.005683643723149662 39.59605689670728 41.3560254573822
0.005760556248866993 39.40052729067595 41.02580499649048
0.00628818907653508 37.410305852475375 41.039538621902466
0.005815051880705616 39.45088228972062 40.539382457733154
0.00588083585076358 39.42054781706437 40.40949249267578
0.00598749496123713 38.87098660676376 40.43966221809387
0.005757426782308713 39.980278844418734 40.82185411453247
0.005897730467436106 39.533660225246265 40.59333920478821
0.005914919867949641 39.70003592449686 40.880287408828735
0.005991911353624385 39.661367831022844 40.69302272796631
0.005896243772914876 39.77366372813349 40.90702962875366
0.005861480720341206 39.82430234162704 41.516809940338135
0.005873961556378914 39.92674736354662 41.690247535705566
0.005992087576052417 39.54063515041185 41.72084355354309
0.005968891630840042 39.71154834913171 41.196495056152344
0.006120100030270607 39.39989952419115 40.574042558670044
0.005995437381384165 39.75517123678456 40.550660133361816
0.00606483711010736 39.67366757600204 40.384971141815186
0.005879027910692536 40.028621673583984 40.953895807266235
0.005782314232024161 40.15835355675738 40.4864284992218
0.005821741570759079 40.15300518533458 40.00383377075195
0.005729329448355281 40.260676840077274 39.88954210281372
0.005809043959269057 39.78945441867994 39.9302613735199
0.0056367328430971374 40.39085852581522 39.66440176963806
0.0055141606489601345 40.71839340873387 40.29249572753906
0.005506224302655976 40.74848672618037 39.89213156700134
0.0054090430595628595 41.04106886490531 39.586299419403076
0.005307286491860514 41.28260869565217 39.69828677177429
0.005344352907622638 41.09888342152471 39.83274602890015
0.005349818212182626 40.976985433827274 39.29973840713501
0.005428436677902937 40.7942765277365 39.10827922821045
0.0053367131875584955 41.03022766113281 39.487080097198486
0.005238781743885383 41.164040938667625 39.60516285896301
0.005345854462812776 40.86696890126104 39.25167727470398
0.005280792247503996 41.065572821575664 39.970487117767334
0.005286127288380395 41.00999633125637 40.17956590652466
0.005422735890454572 40.59709383093792 40.00992012023926
0.005335694300415723 40.67218498561693 39.27688717842102
0.0053196444338106585 40.78969424703847 38.88171434402466
0.005272735153203425 40.94636137589164 38.97679901123047
0.005281620517211116 40.971959155538805 38.761364221572876
0.005256953426515279 40.89494356901749 38.580636501312256
0.005254926848346772 40.868236044178836 38.46152472496033
0.005124715764237487 41.33547890704611 38.576011180877686
0.005127924271737752 41.167394223420516 38.48700428009033
0.0050115411412780695 41.660805411960766 38.55861043930054
0.004978792073772005 41.52574257228685 38.16963744163513
0.005000150053883376 41.49476175722869 37.812957525253296
0.004942601182214592 41.65137796816619 37.87486696243286
0.004944672727066538 41.541349493938945 37.87595558166504
0.0049886183772722015 41.444271751072094 38.729304790496826
0.004916068692894086 41.70898221886676 37.23353147506714
0.004941426116325285 41.59894860309103 37.123488664627075
0.004944281976508058 41.53960966027301 36.62085294723511
0.004973257689372353 41.317707891049594 35.727487564086914
0.00484579198224389 41.74475910352624 35.64859747886658
0.004968437507910573 41.30658373625382 35.68638515472412
0.0050001672833510065 41.22857135275136 36.709800243377686
0.005060824666820143 40.60693724259086 36.629929542541504
0.00507383060682079 40.87452747510827 36.136008739471436
0.004937934547500766 41.314672221308165 36.60155248641968
0.005051464591499256 40.797733306884766 36.35805916786194
0.005037930287906657 40.72171882961107 36.15982627868652
0.004841416001157916 41.455752828846805 35.7805278301239
0.004825579326437867 41.518586531929344 36.13394808769226
0.004751899502361598 41.787809454876445 36.38625979423523
0.004803855275816243 41.43357119352921 36.896198987960815
0.004811316060469202 41.234013930610985 36.67057728767395
0.004720958881080151 41.7584754280422 36.09049892425537
0.004668502258541791 41.801363571830414 35.346113443374634
0.004851325232859539 40.68288438216499 35.734280586242676
0.0046177999440418635 41.94618573396102 35.00710868835449
0.005217521188213773 38.229317043138586 35.04255437850952
0.004955437095106944 39.491232001263164 34.951834201812744
0.004509054893708747 42.255183676014774 34.411269664764404
